n =  24
m =  44
   V1 V2 V3 V4 V5 V6 V7 V8 V9 V10 V11 V12 V13 V14 V15 V16 V17 V18 V19 V20 V21
1   1 -1 -1 -1 -1  1 -1  1 -1  -1   1   1   1   1   1  -1   1   1  -1   1   1
2  -1  1 -1  1 -1 -1  1  1 -1   1   1   1  -1   1   1   1  -1   1   1  -1   1
3  -1 -1 -1  1  1  1  1 -1 -1  -1   1  -1   1   1   1  -1   1  -1   1  -1  -1
4  -1 -1  1  1  1 -1  1  1 -1  -1   1   1  -1  -1  -1   1   1   1  -1   1  -1
5   1 -1 -1  1  1 -1  1 -1  1  -1   1  -1   1   1   1   1  -1  -1  -1  -1   1
6  -1  1 -1 -1  1 -1 -1  1  1   1  -1  -1  -1  -1   1  -1  -1   1   1  -1   1
7   1 -1  1 -1 -1 -1  1 -1 -1  -1  -1  -1  -1   1  -1   1  -1  -1   1  -1  -1
8   1  1  1  1  1  1  1  1  1   1   1   1  -1   1   1   1  -1   1  -1  -1  -1
9   1  1 -1  1 -1 -1  1  1 -1  -1  -1   1  -1   1  -1  -1  -1  -1  -1   1  -1
10 -1  1 -1  1  1  1 -1 -1  1   1  -1  -1   1   1  -1   1  -1   1  -1   1  -1
11 -1  1  1 -1 -1 -1  1  1  1   1  -1  -1   1  -1  -1  -1   1  -1   1  -1   1
12 -1  1  1 -1  1 -1 -1 -1 -1  -1   1  -1   1   1   1   1  -1  -1   1   1  -1
13  1  1 -1 -1  1 -1 -1  1  1   1  -1   1   1  -1   1   1   1  -1  -1  -1  -1
14 -1  1  1  1 -1 -1  1 -1  1   1   1   1   1  -1  -1   1  -1  -1  -1   1   1
15  1 -1 -1  1 -1  1 -1 -1 -1   1   1  -1  -1  -1   1   1   1  -1   1  -1  -1
16 -1  1  1  1 -1 -1 -1  1  1  -1   1   1   1   1   1  -1   1   1   1   1  -1
17  1  1 -1  1 -1  1  1  1  1  -1  -1  -1   1  -1  -1   1  -1  -1   1   1  -1
18  1  1  1 -1  1  1  1 -1 -1   1   1   1   1  -1   1   1   1   1   1  -1  -1
19  1 -1  1  1  1 -1  1  1  1   1  -1  -1  -1   1   1   1   1   1   1   1   1
20  1 -1 -1 -1 -1 -1  1 -1  1  -1  -1   1  -1   1   1   1  -1   1  -1   1  -1
21  1  1  1  1  1  1  1  1  1  -1   1  -1   1   1  -1   1   1   1   1   1   1
22 -1 -1  1 -1 -1 -1 -1 -1 -1  -1   1  -1  -1  -1  -1  -1  -1   1  -1  -1  -1
   V22 V23 V24 V25 V26 V27 V28 V29 V30 V31 V32 V33 V34 V35 V36 V37 V38 V39 V40
1   -1  -1  -1   1   1   1   1   1  -1  -1  -1   1  -1   1  -1   1   1  -1   1
2    1  -1  -1  -1   1  -1   1   1  -1  -1   1  -1   1   1  -1  -1  -1   1  -1
3    1   1  -1  -1   1  -1   1  -1   1  -1   1   1  -1  -1  -1  -1  -1  -1   1
4   -1  -1  -1   1  -1  -1   1   1  -1   1  -1   1   1  -1   1  -1   1  -1   1
5    1  -1  -1   1   1   1  -1   1   1   1  -1   1   1   1   1   1   1   1  -1
6   -1   1  -1  -1   1   1   1   1  -1   1  -1   1   1  -1  -1   1   1  -1   1
7   -1   1   1   1   1  -1  -1   1  -1   1   1  -1  -1  -1  -1   1  -1  -1   1
8   -1  -1   1  -1  -1   1  -1   1   1   1   1   1  -1   1  -1  -1   1  -1   1
9   -1   1   1  -1   1   1   1  -1  -1   1   1   1  -1  -1   1   1   1   1  -1
10  -1   1  -1   1  -1   1  -1   1  -1  -1   1  -1   1  -1  -1   1  -1  -1  -1
11   1  -1  -1   1  -1  -1  -1   1  -1  -1   1   1  -1   1   1  -1   1  -1  -1
12   1  -1   1  -1  -1   1   1  -1  -1  -1  -1   1  -1   1   1   1   1  -1   1
13  -1  -1  -1  -1  -1  -1  -1  -1  -1  -1  -1  -1  -1  -1   1   1  -1   1   1
14   1   1  -1   1  -1  -1   1   1  -1   1  -1   1  -1   1  -1   1  -1   1   1
15   1  -1   1   1  -1   1  -1  -1  -1   1  -1   1   1  -1   1  -1  -1  -1  -1
16   1  -1   1   1   1  -1  -1   1   1  -1   1   1   1  -1   1   1  -1   1   1
17  -1  -1  -1  -1   1   1   1   1   1  -1  -1  -1   1   1   1  -1  -1  -1   1
18   1   1   1   1   1   1   1   1   1   1   1  -1   1   1   1   1   1   1   1
19  -1   1  -1   1  -1   1   1  -1   1  -1   1   1   1   1   1   1  -1   1   1
20   1   1   1   1  -1  -1  -1  -1  -1  -1  -1  -1   1   1  -1  -1   1  -1   1
21   1   1   1  -1   1   1  -1  -1  -1  -1  -1  -1  -1  -1  -1  -1   1   1   1
22  -1  -1  -1  -1  -1   1  -1  -1   1  -1  -1  -1  -1   1  -1  -1  -1   1  -1
   V41 V42 V43 V44
1    1   1   1   1
2    1  -1  -1   1
3   -1  -1   1  -1
4   -1  -1  -1   1
5   -1  -1  -1  -1
6   -1   1  -1  -1
7    1  -1  -1   1
8    1  -1   1  -1
9   -1   1   1   1
10  -1  -1   1   1
11  -1   1   1   1
12   1  -1   1   1
13  -1  -1   1  -1
14   1   1   1  -1
15   1   1   1   1
16   1   1  -1  -1
17   1   1   1  -1
18  -1   1   1   1
19   1   1   1   1
20  -1   1   1  -1
21  -1   1  -1   1
22  -1   1  -1  -1
 [ reached 'max' / getOption("max.print") -- omitted 2 rows ]
